000010000 01235678 0.1 0.1 0.1 0.1 0.1 0.1 0.0 0.0 
-100010000 1235678 0.0 0.0 0.0 0.0 0.0 0.0 0.0 
-100110000 235678 0.1 0.0 0.0 0.0 0.0 0.0 
-100110-100 35678 0.0 0.0 0.0 0.0 0.0 
000-110000 0235678 0.0 0.0 0.0 0.0 0.0 0.0 0.0 
100-110000 235678 0.1 0.0 0.0 0.0 0.0 0.0 
100-110-100 35678 0.0 0.0 0.0 0.0 0.0 
000010-100 0135678 0.0 0.0 0.0 0.0 0.0 0.0 0.0 
100010-100 135678 0.1 0.0 0.0 0.0 0.0 0.0 
0-10010000 0125678 0.0 0.0 0.0 0.0 0.0 0.0 0.0 
1-10010000 125678 0.1 0.0 0.0 0.0 0.0 0.0 
1-10-110000 25678 0.0 0.0 0.0 0.0 0.0 
0000100-10 0123678 0.0 0.0 0.0 0.0 0.0 0.0 0.0 
1000100-10 123678 0.1 0.0 0.0 0.0 0.0 0.0 
100-1100-10 23678 0.0 0.0 0.0 0.0 0.0 
00-1010000 0123578 0.0 0.0 0.0 0.0 0.0 0.0 0.0 
10-1010000 123578 0.1 0.0 0.0 0.0 0.0 0.0 
10-1-110000 23578 0.0 0.0 0.0 0.0 0.0 
