000010000 01235678 0.999999999996364 0.999999999996364 0.999999999996364 0.999999999996364 0.999999999996364 0.999999999996364 0.999999999996364 0.999999999996364 
-100010000 1235678 0.0 0.0 0.0 0.0 0.0 0.0 0.0 
-100110000 235678 0.9880274848174379 0.9880274848174379 0.9880274848174379 0.9880274848174379 0.9866972053527088 0.9866972053527088 
-100110-100 35678 0.0 0.0 0.0 0.0 0.0 
000-110000 0235678 0.0 0.0 0.0 0.0 0.0 0.0 0.0 
100-110000 235678 0.9880274848174379 0.9880274848174379 0.9880274848174379 0.9880274848174379 0.9866972053527088 0.9866972053527088 
100-110-100 35678 0.0 0.0 0.0 0.0 0.0 
000010-100 0135678 0.0 0.0 0.0 0.0 0.0 0.0 0.0 
100010-100 135678 0.9880274848174379 0.9880274848174379 0.9880274848174379 0.9880274848174379 0.9866972053527088 0.9866972053527088 
0-10010000 0125678 0.0 0.0 0.0 0.0 0.0 0.0 0.0 
1-10010000 125678 0.9880274848174379 0.9880274848174379 0.9880274848174379 0.9880274848174379 0.9866972053527088 0.9866972053527088 
1-10-110000 25678 0.0 0.0 0.0 0.0 0.0 
0000100-10 0123678 0.0 0.0 0.0 0.0 0.0 0.0 0.0 
1000100-10 123678 0.9880274848174379 0.9880274848174379 0.9880274848174379 0.9880274848174379 0.9866972053527088 0.9866972053527088 
100-1100-10 23678 0.0 0.0 0.0 0.0 0.0 
00-1010000 0123578 0.0 0.0 0.0 0.0 0.0 0.0 0.0 
10-1010000 123578 0.9880274848174379 0.9880274848174379 0.9880274848174379 0.9880274848174379 0.9866972053527088 0.9866972053527088 
10-1-110000 23578 0.0 0.0 0.0 0.0 0.0 
00001-1000 0123568 0.0 0.0 0.0 0.0 0.0 0.0 0.0 
10001-1000 123568 0.9880274848174379 0.9880274848174379 0.9880274848174379 0.9880274848174379 0.9866972053527088 0.9866972053527088 
100-11-1000 23568 0.0 0.0 0.0 0.0 0.0 
00001000-1 0123567 0.0 0.0 0.0 0.0 0.0 0.0 0.0 
10001000-1 123567 0.9880274848174379 0.9880274848174379 0.9880274848174379 0.9880274848174379 0.9866972053527088 0.9866972053527088 
100-11000-1 23567 0.0 0.0 0.0 0.0 0.0 
110-11000-1 2567 0.8905810108684877 0.8905810108684877 0.8905810108684877 0.8784233454094308 
110-110-10-1 567 0.0 0.0 0.0 
-1-10110000 25678 0.0 0.0 0.0 0.0 0.0 
1-10010-100 15678 0.0 0.0 0.0 0.0 0.0 
100010-1-10 13678 0.0 0.0 0.0 0.0 0.0 
10-1010-100 13578 0.0 0.0 0.0 0.0 0.0 
10001-1-100 13568 0.0 0.0 0.0 0.0 0.0 
100010-10-1 13567 0.0 0.0 0.0 0.0 0.0 
100010-11-1 1367 0.8905810108684877 0.8905810108684877 0.8905810108684877 0.8784233454094308 
100-110-11-1 367 0.0 0.0 0.0 
-1001100-10 23678 0.0 0.0 0.0 0.0 0.0 
1-100100-10 12678 0.0 0.0 0.0 0.0 0.0 
1-1-1010000 12578 0.0 0.0 0.0 0.0 0.0 
1-1001-1000 12568 0.0 0.0 0.0 0.0 0.0 
1-1001000-1 12567 0.0 0.0 0.0 0.0 0.0 
1-1011000-1 2567 0.8905810108684877 0.8905810108684877 0.8905810108684877 0.8784233454094308 
1-10110-10-1 567 0.0 0.0 0.0 
-10-1110000 23578 0.0 0.0 0.0 0.0 0.0 
10-10100-10 12378 0.0 0.0 0.0 0.0 0.0 
10001-10-10 12368 0.0 0.0 0.0 0.0 0.0 
1000100-1-1 12367 0.0 0.0 0.0 0.0 0.0 
1000101-1-1 1367 0.8905810108684877 0.8905810108684877 0.8905810108684877 0.8784233454094308 
100-1101-1-1 367 0.0 0.0 0.0 
-10011-1000 23568 0.0 0.0 0.0 0.0 0.0 
-11011-1000 2568 0.68618940391 0.6513215599000001 0.6513215599000001 0.6513215599000001 
-11011-1-100 568 0.0 0.0 0.0 
10-101-1000 12358 0.0 0.0 0.0 0.0 0.0 
10-101000-1 12357 0.0 0.0 0.0 0.0 0.0 
10-101100-1 1235 0.8905810108684877 0.8905810108684877 0.8784233454094308 0.8784233454094308 
10-1-11100-1 235 0.0 0.0 0.0 
10-1-11110-1 35 0.68618940391 0.6513215599000001 
1-1-1-11110-1 5 0.0 
-10011000-1 23567 0.0 0.0 0.0 0.0 0.0 
110-1100-1-1 267 0.0 0.0 0.0 
1-10010-11-1 167 0.0 0.0 0.0 
1-10110-11-1 67 0.68618940391 0.6513215599000001 
1-1-1110-11-1 7 0.0 
1-101100-1-1 267 0.0 0.0 0.0 
1-100101-1-1 167 0.0 0.0 0.0 
10-1011-10-1 135 0.0 0.0 0.0 
10001-100-1 12356 0.0 0.0 0.0 0.0 0.0 
10101-100-1 1235 0.8905810108684877 0.8905810108684877 0.8784233454094308 0.8784233454094308 
101-11-100-1 235 0.0 0.0 0.0 
10101-1-10-1 135 0.0 0.0 0.0 
11-1-11000-1 257 0.0 0.0 0.0 
10-1010-11-1 137 0.0 0.0 0.0 
1-1-111000-1 257 0.0 0.0 0.0 
10-10101-1-1 137 0.0 0.0 0.0 
-11011-10-10 268 0.0 0.0 0.0 
-11011-11-10 68 0.40951000000000004 0.40951000000000004 
-11-111-11-10 8 0.0 
1-1-101100-1 125 0.0 0.0 0.0 
110-11-100-1 256 0.0 0.0 0.0 
10001-1-11-1 136 0.0 0.0 0.0 
1-1011-100-1 256 0.0 0.0 0.0 
10001-11-1-1 136 0.0 0.0 0.0 
10-10110-1-1 123 0.0 0.0 0.0 
1-1101-100-1 125 0.0 0.0 0.0 
10101-10-1-1 123 0.0 0.0 0.0 
-11-111-1000 258 0.0 0.0 0.0 
10-1-1111-1-1 3 0.0 
1-1011-1-11-1 6 0.0 
-11011-100-1 256 0.0 0.0 0.0 
-11011-11-1-1 6 0.0 
